N=12      

C=[72,107,65,99,20,11,31,7,42,28,4, 31,10,57,37,71,18,17,73,39,14, 91,77,19,39,33,59,31,44,98, 71,66,36,23,10,100,93,41, 21,80,22,43,78,22,93, 77,81,49,62,89,19, 21,19,51,40,18, 102,92,28,51, 31,47,51, 73,38, 50]

R=[0.81,0.88,0.83,0.90,0.98,0.93,0.86,0.91,0.92,0.86,0.80, 0.91,0.87,0.78,0.83,0.90,0.93,0.87,0.79,0.99,0.94, 0.88,0.98,0.97,0.96,0.92,0.81,0.99,0.92,0.91, 0.80,0.88,0.87,0.93,0.90,0.99,0.98,0.91, 0.89,0.80,0.92,0.93,0.83,0.87,0.99, 0.97,0.91,0.89,0.99,0.94,0.90, 0.87,0.89,0.95,0.85,0.96, 0.99,0.79,0.88,0.81, 0.84,0.97,0.77, 0.83,0.93, 0.99]

a_b=1

Req_Reliability =  0.5
                    
Req_Cost = 267



